# Benchmark data for cluster-median
# Sample ratio: 0.15, seed=42
param m := 107;
param k := 5;

param d :
    1 2 3 4 5 6 7 8 9 10 11 12 13 14 15 16 17 18 19 20 21 22 23 24 25 26 27 28 29 30 31 32 33 34 35 36 37 38 39 40 41 42 43 44 45 46 47 48 49 50 51 52 53 54 55 56 57 58 59 60 61 62 63 64 65 66 67 68 69 70 71 72 73 74 75 76 77 78 79 80 81 82 83 84 85 86 87 88 89 90 91 92 93 94 95 96 97 98 99 100 101 102 103 104 105 106 107 :=
1 0.000000 0.802434 0.841505 0.609315 0.711860 1.058574 0.806316 1.098496 0.887565 0.626312 0.627853 0.854977 1.132113 0.894598 0.781287 1.543031 1.241059 0.295384 0.832772 0.241482 0.318935 0.531637 1.479604 1.219823 0.579378 0.264136 1.010366 0.693358 0.557395 0.237407 0.737126 0.394057 0.359683 1.001722 1.775062 2.197632 2.172215 2.001382 2.276685 2.037853 1.718366 1.435213 2.031406 1.965734 2.120622 2.552637 1.690707 2.303830 1.533015 1.793055 2.102615 2.035574 1.791971 1.636290 2.106960 2.344457 2.224241 2.110119 2.047567 1.711681 1.883954 1.715302 2.389607 2.303693 1.739169 2.267264 1.904686 1.997662 1.704446 1.918556 1.795886 1.653368 2.034453 1.966212 1.796317 1.493768 2.149296 2.133882 1.586298 1.961916 1.552406 2.168682 1.972594 1.666285 1.956281 2.115680 2.239617 2.238934 2.209496 1.600910 1.870696 2.075930 1.731304 2.128487 1.763785 2.509756 1.723394 3.504533 2.658968 2.265277 1.855807 3.058382 2.446281 2.428898 2.575390 2.326848 3.109156
2 0.802434 0.000000 1.136604 0.249880 1.151883 1.325224 1.447214 1.055357 1.211698 1.168733 1.009125 0.790889 1.246151 1.350528 0.522859 1.569552 1.339533 1.061664 1.256164 1.017527 0.938029 0.780260 1.543801 1.130482 0.931030 0.794194 1.293121 1.051204 0.703158 0.885657 0.806671 0.822899 1.108843 1.392002 2.048531 2.694486 2.754712 2.399751 2.838110 2.554360 2.298174 1.871504 2.310394 2.597057 2.540271 3.149727 2.004779 2.794639 2.036851 2.038290 2.642154 2.620851 2.200555 2.068013 2.689552 2.805202 2.818284 2.602345 2.351278 2.032685 2.373703 2.057833 2.945956 2.880167 2.142412 2.767412 2.504787 2.561227 2.013383 2.395227 2.236817 2.241706 2.530895 2.384705 2.182662 1.983291 2.767686 2.706608 2.149485 2.522111 1.794695 2.776255 2.566070 1.927036 2.451576 2.693985 2.853570 2.801171 2.790351 1.955222 2.369806 2.589303 2.027055 2.528269 2.245281 3.123039 2.218906 3.688405 2.799732 2.487339 1.986053 3.119722 2.513133 2.578291 2.712924 2.404395 3.293850
3 0.841505 1.136604 0.000000 1.125040 0.201363 1.899506 0.574811 1.886346 0.076175 1.452776 1.468617 0.447127 1.958415 0.274981 1.446002 2.364249 2.067956 0.735414 1.670384 0.994708 1.154807 1.343687 2.306300 2.000442 0.267583 0.581810 0.174834 0.149568 1.342010 1.075979 1.526754 0.455650 0.698830 0.261911 2.613886 2.967641 2.888142 2.814854 3.004933 2.801911 2.454958 2.251356 2.867856 2.647170 2.925121 3.244041 2.526140 3.074281 2.321248 2.633585 2.851076 2.754419 2.606758 2.448031 2.825181 3.128335 2.928952 2.884797 2.880699 2.545968 2.666318 2.546276 3.118093 3.019866 2.556582 3.033751 2.617117 2.733927 2.540354 2.705795 2.600417 2.386981 2.809141 2.774243 2.616899 2.289654 2.835214 2.858626 2.340420 2.701832 2.393772 2.863755 2.687490 2.506600 2.733824 2.836879 2.926183 2.967794 2.925402 2.431660 2.649030 2.840556 2.568419 2.939226 2.553573 3.187617 2.508312 4.344058 3.500397 3.105327 2.694822 3.896682 3.282958 3.270303 3.416706 3.163994 3.949321
4 0.609315 0.249880 1.125040 0.000000 1.096120 1.093195 1.336977 0.871115 1.195698 0.919263 0.760579 0.862848 1.035850 1.299762 0.349793 1.387179 1.135320 0.892220 1.008861 0.801354 0.698441 0.532321 1.352336 0.962357 0.883986 0.671423 1.294225 1.013829 0.458562 0.652907 0.580776 0.736507 0.947987 1.363827 1.826690 2.449993 2.505513 2.163748 2.589809 2.308125 2.048670 1.628629 2.090068 2.347225 2.302541 2.900339 1.776602 2.550873 1.789969 1.820805 2.394695 2.371470 1.962339 1.826737 2.440300 2.564166 2.568804 2.357980 2.127486 1.803825 2.128870 1.826356 2.698025 2.631277 1.904416 2.522832 2.255035 2.312511 1.786000 2.151486 1.995563 1.991995 2.286016 2.146400 1.946788 1.737078 2.517823 2.457700 1.900249 2.273481 1.574652 2.526496 2.316461 1.705817 2.206563 2.444871 2.603754 2.552792 2.541233 1.721397 2.124282 2.343355 1.801679 2.292731 2.000634 2.873295 1.973163 3.492831 2.608388 2.277973 1.788894 2.947953 2.335575 2.383520 2.521629 2.223379 3.096439
5 0.711860 1.151883 0.201363 1.096120 0.000000 1.765649 0.395146 1.793893 0.203474 1.298520 1.336664 0.576870 1.843387 0.203695 1.391369 2.253564 1.952518 0.558011 1.523044 0.832484 1.011445 1.235682 2.191157 1.911967 0.221049 0.472737 0.324522 0.122423 1.246105 0.936649 1.430954 0.367178 0.513571 0.290741 2.464677 2.785172 2.696719 2.646234 2.814917 2.618584 2.267725 2.085881 2.714713 2.452525 2.752588 3.049222 2.372615 2.891665 2.145481 2.488023 2.664626 2.563695 2.439331 2.279807 2.634200 2.948880 2.736090 2.703609 2.724017 2.391200 2.487667 2.388569 2.927882 2.828196 2.390553 2.850357 2.425936 2.545763 2.387320 2.528340 2.428821 2.199534 2.628159 2.603455 2.452293 2.116314 2.640577 2.668445 2.156690 2.514340 2.252263 2.669976 2.496427 2.360717 2.553745 2.646265 2.731430 2.777945 2.733895 2.274126 2.469407 2.657243 2.416783 2.769112 2.377339 2.991644 2.330876 4.193972 3.361334 2.957700 2.564743 3.767307 3.156582 3.131697 3.278718 3.036939 3.801045
6 1.058574 1.325224 1.899506 1.093195 1.765649 0.000000 1.765565 0.457995 1.946034 0.512225 0.430889 1.833863 0.232404 1.936452 0.833318 0.562296 0.285721 1.246671 0.285202 0.959076 0.756032 0.597155 0.480763 0.528358 1.634960 1.318415 2.068940 1.751826 0.645250 0.829015 0.519272 1.446951 1.311239 2.052264 0.743998 1.396503 1.521233 1.075552 1.580387 1.273389 1.097342 0.579299 1.007835 1.436714 1.217974 1.913556 0.684442 1.491172 0.782449 0.749331 1.374635 1.398527 0.880262 0.759799 1.459905 1.489831 1.593786 1.304530 1.039149 0.711152 1.082998 0.733284 1.679854 1.634453 0.821912 1.469260 1.309298 1.319799 0.694534 1.095994 0.926148 1.058805 1.237852 1.063852 0.858633 0.721798 1.575743 1.465757 0.946097 1.279862 0.502373 1.569999 1.357255 0.626484 1.160927 1.459539 1.650519 1.545751 1.553279 0.630082 1.085441 1.304739 0.712668 1.203604 0.955789 1.905639 0.940918 2.457920 1.601412 1.220511 0.799545 2.001762 1.392913 1.371260 1.517380 1.272940 2.060799
7 0.806316 1.447214 0.574811 1.336977 0.395146 1.765565 0.000000 1.891915 0.539345 1.259827 1.360905 0.969193 1.888786 0.348167 1.576979 2.298769 1.993699 0.534329 1.494047 0.811011 1.028783 1.324942 2.227079 2.014877 0.571982 0.665745 0.621364 0.514418 1.361074 0.973462 1.536042 0.625550 0.465564 0.474010 2.403771 2.601954 2.470524 2.519161 2.595306 2.433394 2.068693 1.979722 2.637977 2.209237 2.609823 2.799966 2.300141 2.706738 1.999479 2.437516 2.464429 2.342684 2.319551 2.159909 2.411056 2.776835 2.501259 2.526824 2.636082 2.314497 2.324268 2.302548 2.706289 2.599461 2.276514 2.662398 2.203922 2.338425 2.316105 2.369275 2.294002 2.000469 2.453129 2.469084 2.342185 1.980469 2.395556 2.449311 1.976288 2.310738 2.217880 2.430159 2.274271 2.311545 2.383489 2.425013 2.484880 2.559549 2.506887 2.190794 2.302206 2.471673 2.349352 2.635080 2.225395 2.734997 2.174820 4.113202 3.318249 2.894461 2.555823 3.746772 3.149375 3.092194 3.239396 3.029339 3.728130
8 1.098496 1.055357 1.886346 0.871115 1.793893 0.457995 1.891915 0.000000 1.945838 0.778955 0.580251 1.714176 0.252187 1.986506 0.533458 0.516612 0.307845 1.358175 0.634694 1.099715 0.878051 0.568125 0.488757 0.123550 1.620403 1.321371 2.061154 1.749251 0.547791 0.921436 0.363119 1.436623 1.427193 2.083920 1.039203 1.810209 1.965260 1.448522 2.015630 1.701459 1.551901 1.018226 1.290479 1.893063 1.596569 2.353373 1.023773 1.898035 1.231139 1.015425 1.808187 1.846537 1.274202 1.178402 1.905559 1.880467 2.039482 1.719940 1.341683 1.053910 1.508357 1.092146 2.110328 2.073601 1.217325 1.881677 1.762830 1.763757 1.028138 1.514264 1.336292 1.515405 1.658410 1.450817 1.239273 1.169721 2.027895 1.908219 1.401691 1.724070 0.787886 2.019808 1.808333 0.919325 1.584733 1.903923 2.100328 1.982298 1.995967 1.009977 1.514925 1.730087 1.032203 1.569963 1.384878 2.350649 1.377066 2.633087 1.744488 1.442697 0.932142 2.076890 1.464651 1.523057 1.657670 1.353164 2.238850
9 0.887565 1.211698 0.076175 1.195698 0.203474 1.946034 0.539345 1.945838 0.000000 1.490162 1.515411 0.518729 2.011539 0.215241 1.513135 2.418996 2.121035 0.758685 1.711173 1.027408 1.196588 1.398207 2.359629 2.061028 0.325738 0.632635 0.124413 0.197152 1.399906 1.119213 1.584973 0.510276 0.716385 0.186027 2.654368 2.988137 2.899942 2.845136 3.018308 2.821676 2.471180 2.283360 2.906559 2.654882 2.952936 3.251445 2.564551 3.094660 2.346763 2.675714 2.868050 2.767021 2.637718 2.478472 2.837491 3.151253 2.939011 2.906334 2.917647 2.583777 2.689801 2.582604 3.131252 3.031371 2.588356 3.053471 2.629209 2.749237 2.579007 2.730167 2.628786 2.402994 2.830836 2.803164 2.649511 2.316814 2.842917 2.871825 2.359808 2.717806 2.437542 2.872633 2.699713 2.548539 2.756223 2.849601 2.933710 2.981351 2.937102 2.468038 2.671772 2.860335 2.607751 2.968602 2.578801 3.193283 2.532670 4.384493 3.545532 3.146678 2.743220 3.945670 3.332896 3.315571 3.462261 3.213655 3.990542
10 0.626312 1.168733 1.452776 0.919263 1.298520 0.512225 1.259827 0.778955 1.490162 0.000000 0.220766 1.470587 0.676940 1.454719 0.823424 1.067068 0.769525 0.755172 0.234222 0.468275 0.308912 0.415251 0.988724 0.894440 1.198888 0.888695 1.614543 1.303208 0.505159 0.391278 0.543735 1.017995 0.815794 1.577089 1.166540 1.588168 1.600825 1.375224 1.694037 1.433639 1.141888 0.809121 1.416517 1.429430 1.495989 1.992420 1.074453 1.693314 0.919194 1.192109 1.508180 1.465040 1.165786 1.010713 1.535218 1.726862 1.660495 1.498663 1.427954 1.093633 1.269960 1.093567 1.805071 1.729495 1.112859 1.659293 1.343270 1.414146 1.089007 1.301604 1.171941 1.081878 1.423630 1.340956 1.170182 0.875554 1.602805 1.556461 0.998526 1.376310 0.962621 1.614065 1.407005 1.064850 1.344470 1.541396 1.690043 1.656465 1.637334 0.978951 1.259237 1.470915 1.118266 1.502581 1.146604 1.960660 1.109418 2.895453 2.070146 1.659856 1.296005 2.490006 1.889724 1.841760 1.989151 1.769653 2.502727
11 0.627853 1.009125 1.468617 0.760579 1.336664 0.430889 1.360905 0.580251 1.515411 0.220766 0.000000 1.418750 0.528256 1.511116 0.615300 0.937943 0.632825 0.831513 0.250914 0.550211 0.334055 0.229166 0.867506 0.700695 1.204228 0.887637 1.638175 1.320982 0.312607 0.401439 0.323325 1.016383 0.898439 1.624516 1.159722 1.694824 1.745882 1.434825 1.829231 1.549644 1.290342 0.881057 1.420593 1.597572 1.566783 2.141245 1.084826 1.797200 1.030810 1.172426 1.634530 1.612443 1.227809 1.082943 1.680824 1.817394 1.810157 1.603246 1.443733 1.108365 1.373462 1.119610 1.937515 1.871058 1.171310 1.767375 1.498626 1.552105 1.097244 1.398716 1.250631 1.235348 1.530236 1.409918 1.220848 0.979288 1.763484 1.697508 1.140826 1.513009 0.928507 1.769975 1.558661 1.046825 1.450610 1.685043 1.848044 1.792222 1.781407 1.007632 1.367348 1.585354 1.120806 1.564189 1.245957 2.116417 1.215987 2.884216 2.032093 1.645082 1.228342 2.430996 1.819949 1.801954 1.948195 1.700278 2.487710
12 0.854977 0.790889 0.447127 0.862848 0.576870 1.833863 0.969193 1.714176 0.518729 1.470587 1.418750 0.000000 1.839283 0.718647 1.211468 2.222160 1.946209 0.903348 1.654647 1.076979 1.162621 1.239146 2.177039 1.815046 0.421028 0.617623 0.555788 0.455299 1.207720 1.080728 1.379547 0.511291 0.900140 0.701489 2.575425 3.051943 3.023148 2.841205 3.129776 2.892696 2.571537 2.276812 2.837811 2.807551 2.965519 3.399241 2.503525 3.157993 2.385808 2.583193 2.957385 2.886707 2.632019 2.479433 2.958157 3.196280 3.073045 2.963996 2.862414 2.527109 2.737008 2.537418 3.242887 3.154959 2.577477 3.121824 2.754173 2.851318 2.515820 2.770504 2.642174 2.505948 2.888428 2.809810 2.631348 2.344793 2.993195 2.986226 2.440972 2.815913 2.335989 3.015056 2.822802 2.459768 2.809988 2.967415 3.084030 3.092048 3.060511 2.424595 2.724430 2.930728 2.538717 2.969617 2.615529 3.352679 2.576330 4.288463 3.417696 3.053827 2.597438 3.782194 3.166463 3.188898 3.331730 3.050875 3.890870
13 1.132113 1.246151 1.958415 1.035850 1.843387 0.232404 1.888786 0.252187 2.011539 0.676940 0.528256 1.839283 0.000000 2.025778 0.727857 0.411954 0.109542 1.357724 0.479007 1.078423 0.860365 0.615594 0.348109 0.300011 1.690915 1.378943 2.131594 1.814675 0.632400 0.921553 0.462497 1.502831 1.425260 2.133669 0.808962 1.558670 1.714570 1.202492 1.763674 1.449279 1.306696 0.767805 1.067449 1.649551 1.349896 2.101780 0.782016 1.647278 0.982925 0.793583 1.556174 1.597099 1.024123 0.926235 1.655320 1.632131 1.789168 1.468210 1.112970 0.811732 1.256170 0.846972 1.858155 1.822008 0.966904 1.630301 1.516424 1.513190 0.787733 1.262251 1.084643 1.272873 1.406351 1.202250 0.991035 0.921363 1.780264 1.657231 1.157919 1.473596 0.554510 1.770955 1.560291 0.687472 1.332563 1.653356 1.851417 1.730456 1.744974 0.760688 1.262806 1.477910 0.795268 1.325741 1.132787 2.100005 1.125521 2.459729 1.580456 1.242765 0.759163 1.947042 1.331018 1.353016 1.494105 1.213863 2.062659
14 0.894598 1.350528 0.274981 1.299762 0.203695 1.936452 0.348167 1.986506 0.215241 1.454719 1.511116 0.718647 2.025778 0.000000 1.593625 2.437198 2.134358 0.700415 1.684148 0.986543 1.180454 1.424072 2.372546 2.105721 0.420601 0.669005 0.274964 0.301070 1.439252 1.109681 1.623398 0.569563 0.644177 0.134582 2.620100 2.893507 2.783338 2.778407 2.905260 2.725620 2.367173 2.224265 2.865531 2.529203 2.878666 3.123484 2.523949 2.999414 2.268412 2.646824 2.764546 2.652791 2.573789 2.413709 2.722321 3.062689 2.818076 2.814746 2.870986 2.541160 2.604270 2.535304 3.017377 2.913689 2.527065 2.956590 2.514178 2.641854 2.539121 2.646947 2.557301 2.298746 2.739920 2.732603 2.590478 2.243302 2.716648 2.758752 2.264595 2.612223 2.415291 2.749057 2.584765 2.519569 2.667479 2.735412 2.806784 2.868856 2.820149 2.421428 2.584279 2.764191 2.569932 2.898800 2.498568 3.061437 2.450203 4.345660 3.524167 3.113524 2.735889 3.937209 3.329314 3.295250 3.442561 3.209374 3.954966
15 0.781287 0.522859 1.446002 0.349793 1.391369 0.833318 1.576979 0.533458 1.513135 0.823424 0.615300 1.211468 0.727857 1.593625 0.000000 1.049314 0.818043 1.075798 0.830574 0.895771 0.717544 0.413295 1.021283 0.616139 1.191609 0.932268 1.618722 1.323231 0.324608 0.710979 0.325086 1.024241 1.140948 1.671503 1.535217 2.226404 2.323243 1.906025 2.394613 2.096557 1.876864 1.403038 1.795068 2.197500 2.049981 2.719179 1.499031 2.322765 1.588271 1.521436 2.192346 2.193714 1.713357 1.591255 2.259480 2.323148 2.391694 2.134178 1.839006 1.527786 1.909360 1.556974 2.498286 2.443260 1.655014 2.299354 2.088683 2.124375 1.506497 1.925568 1.758613 1.826961 2.065674 1.896652 1.689789 1.530765 2.356071 2.271125 1.724560 2.084536 1.280665 2.358075 2.144679 1.413558 1.987579 2.261597 2.437555 2.358724 2.357331 1.459424 1.909172 2.129521 1.517570 2.032970 1.781043 2.701933 1.760847 3.165935 2.277833 1.965892 1.463212 2.605760 1.995847 2.055753 2.191009 1.885523 2.771136
16 1.543031 1.569552 2.364249 1.387179 2.253564 0.562296 2.298769 0.516612 2.418996 1.067068 0.937943 2.222160 0.411954 2.437198 1.049314 0.000000 0.305142 1.768879 0.846815 1.487832 1.271276 1.020815 0.085648 0.444301 2.096681 1.786938 2.538085 2.221905 1.026808 1.333420 0.846053 1.909243 1.836153 2.544080 0.651823 1.514696 1.745012 1.106639 1.763853 1.444509 1.406902 0.861879 0.861526 1.747371 1.252437 2.105249 0.689848 1.585046 1.079654 0.603298 1.560435 1.648035 0.981700 0.945292 1.694249 1.540155 1.823051 1.432633 0.926698 0.718673 1.257228 0.771540 1.841670 1.831902 0.934231 1.580233 1.598645 1.552339 0.686235 1.246297 1.066863 1.391946 1.385892 1.129828 0.929334 1.022148 1.843681 1.684464 1.275852 1.515687 0.456209 1.822889 1.626949 0.554043 1.324437 1.687596 1.900563 1.735758 1.769465 0.735455 1.273731 1.464740 0.672762 1.210348 1.153393 2.121666 1.165869 2.121752 1.231499 0.962671 0.436849 1.562018 0.948439 1.013847 1.144814 0.836551 1.729728
17 1.241059 1.339533 2.067956 1.135320 1.952518 0.285721 1.993699 0.307845 2.121035 0.769525 0.632825 1.946209 0.109542 2.134358 0.818043 0.305142 0.000000 1.463773 0.559082 1.182821 0.966154 0.725055 0.238702 0.312857 1.800457 1.488427 2.241126 1.924187 0.740369 1.028804 0.567526 1.612370 1.531017 2.242716 0.731522 1.516107 1.692140 1.144432 1.733546 1.415853 1.300673 0.751768 0.984556 1.645293 1.292879 2.074000 0.717672 1.600774 0.972037 0.709472 1.525868 1.579495 0.976475 0.892638 1.634824 1.578387 1.768053 1.427097 1.034403 0.747947 1.222510 0.788056 1.824205 1.794709 0.920717 1.586683 1.506935 1.491831 0.721460 1.224274 1.044063 1.272025 1.368561 1.149690 0.938168 0.910628 1.767107 1.633616 1.155576 1.452744 0.480119 1.754614 1.546762 0.611489 1.297279 1.631589 1.834716 1.701482 1.721126 0.711678 1.231793 1.442543 0.724631 1.264393 1.102841 2.076990 1.100791 2.357808 1.475979 1.147918 0.654823 1.838508 1.222416 1.249465 1.389449 1.105611 1.961196
18 0.295384 1.061664 0.735414 0.892220 0.558011 1.246671 0.534329 1.358175 0.758685 0.755172 0.831513 0.903348 1.357724 0.700415 1.075798 1.768879 1.463773 0.000000 0.986339 0.288444 0.497638 0.792365 1.699018 1.481315 0.520395 0.313663 0.881843 0.590646 0.833478 0.439263 1.004470 0.393023 0.069045 0.825483 1.919726 2.232228 2.159693 2.088470 2.274137 2.066571 1.721564 1.529280 2.165437 1.927140 2.194627 2.523249 1.823716 2.338871 1.588079 1.946968 2.116891 2.024944 1.881876 1.722207 2.096042 2.393429 2.203393 2.149460 2.171890 1.841159 1.931649 1.836179 2.387474 2.291709 1.833545 2.298404 1.888619 2.001175 1.838832 1.971687 1.870810 1.653830 2.073830 2.045457 1.895794 1.558385 2.114668 2.128201 1.605219 1.968487 1.717245 2.140615 1.958676 1.819779 1.998692 2.107130 2.205802 2.236803 2.197060 1.722073 1.914014 2.105211 1.869539 2.211146 1.820143 2.470994 1.774178 3.645582 2.825304 2.413139 2.043885 3.242580 2.638108 2.596805 2.744184 2.518001 3.254598
19 0.832772 1.256164 1.670384 1.008861 1.523044 0.285202 1.494047 0.634694 1.711173 0.234222 0.250914 1.654647 0.479007 1.684148 0.830574 0.846815 0.559082 0.986339 0.000000 0.698186 0.515677 0.476589 0.765859 0.736613 1.411547 1.096882 1.835286 1.521086 0.554104 0.595653 0.510651 1.226805 1.048160 1.804692 0.943512 1.443991 1.502463 1.189394 1.582456 1.299604 1.050174 0.631424 1.198660 1.366991 1.318988 1.898452 0.858028 1.546292 0.781136 0.965004 1.386008 1.370347 0.981241 0.833903 1.437792 1.567005 1.568420 1.352373 1.215480 0.879361 1.122620 0.885142 1.689884 1.626118 0.925460 1.516579 1.260725 1.306747 0.871691 1.147821 1.000997 0.998067 1.279454 1.162231 0.977386 0.728847 1.527386 1.452777 0.898955 1.267369 0.731174 1.531273 1.318648 0.837716 1.199842 1.441260 1.610181 1.545666 1.537535 0.771380 1.116745 1.335108 0.898645 1.318496 0.995056 1.876727 0.965415 2.673726 1.840085 1.435504 1.061798 2.256837 1.655594 1.611102 1.758420 1.535511 2.279395
20 0.241482 1.017527 0.994708 0.801354 0.832484 0.959076 0.811011 1.099715 1.027408 0.468275 0.550211 1.076979 1.078423 0.986543 0.895771 1.487832 1.182821 0.288444 0.698186 0.000000 0.222159 0.549000 1.416129 1.223243 0.751711 0.462006 1.151754 0.845691 0.608358 0.189150 0.760502 0.583580 0.352164 1.108949 1.634507 1.989508 1.946400 1.820275 2.054272 1.826803 1.496512 1.256720 1.882694 1.732553 1.932127 2.322650 1.540641 2.096123 1.332556 1.660354 1.885883 1.810053 1.612064 1.453454 1.881506 2.143304 1.996074 1.903932 1.891534 1.558925 1.681098 1.556107 2.167537 2.078289 1.561919 2.057773 1.677215 1.776726 1.555486 1.718469 1.607083 1.430350 1.828098 1.780360 1.622510 1.298141 1.917385 1.910149 1.369780 1.741975 1.429288 1.938453 1.745925 1.533078 1.751122 1.890987 2.008055 2.016589 1.983780 1.441648 1.665717 1.865214 1.585448 1.945003 1.564858 2.277390 1.521533 3.362449 2.537793 2.127905 1.755583 2.954148 2.349830 2.309069 2.456423 2.229715 2.970371
21 0.318935 0.938029 1.154807 0.698441 1.011445 0.756032 1.028783 0.878051 1.196588 0.308912 0.334055 1.162621 0.860365 1.180454 0.717544 1.271276 0.966154 0.497638 0.515677 0.222159 0.000000 0.337323 1.201499 1.001535 0.896185 0.582731 1.320488 1.005597 0.407642 0.082375 0.544652 0.712543 0.564923 1.296667 1.459107 1.891753 1.886569 1.683888 1.985437 1.734766 1.428806 1.117889 1.714019 1.696857 1.804867 2.273546 1.372843 1.997414 1.224020 1.479224 1.804879 1.750009 1.474437 1.319615 1.820975 2.033767 1.942615 1.803029 1.729167 1.393472 1.575223 1.396517 2.097544 2.016889 1.421216 1.962291 1.623238 1.705411 1.386762 1.608089 1.480688 1.365957 1.727670 1.649868 1.477860 1.182240 1.876129 1.845063 1.290716 1.668513 1.241316 1.891512 1.689317 1.352110 1.648868 1.828423 1.965195 1.947713 1.923542 1.282084 1.563407 1.772445 1.414181 1.811391 1.453085 2.236287 1.414533 3.189252 2.350080 1.950618 1.555548 2.757402 2.148859 2.120350 2.267322 2.028924 2.794604
22 0.531637 0.780260 1.343687 0.532321 1.235682 0.597155 1.324942 0.568125 1.398207 0.415251 0.229166 1.239146 0.615594 1.424072 0.413295 1.020815 0.725055 0.792365 0.476589 0.549000 0.337323 0.000000 0.962941 0.690473 1.076106 0.766524 1.517341 1.201100 0.090074 0.362307 0.212927 0.888460 0.861396 1.526420 1.341075 1.919203 1.975026 1.645741 2.057861 1.776091 1.519458 1.100539 1.604759 1.825004 1.781158 2.370410 1.277018 2.020758 1.257725 1.345593 1.862382 1.841608 1.441037 1.300669 1.909980 2.037354 2.039311 1.827349 1.634231 1.302427 1.597893 1.319049 2.165843 2.100076 1.383707 1.991938 1.727500 1.781037 1.288108 1.621622 1.469189 1.464223 1.754936 1.624426 1.429848 1.205155 1.992019 1.926542 1.369990 1.741886 1.097890 1.998896 1.787737 1.223548 1.675395 1.914165 2.076843 2.020913 2.010527 1.209905 1.592728 1.811472 1.308188 1.775155 1.469900 2.345413 1.441490 3.049401 2.181907 1.815113 1.364578 2.560736 1.945131 1.952410 2.096422 1.827216 2.651835
23 1.479604 1.543801 2.306300 1.352336 2.191157 0.480763 2.227079 0.488757 2.359629 0.988724 0.867506 2.177039 0.348109 2.372546 1.021283 0.085648 0.238702 1.699018 0.765859 1.416129 1.201499 0.962941 0.000000 0.435338 2.038763 1.727045 2.479593 2.162742 0.974844 1.265774 0.797697 1.850773 1.765834 2.481302 0.611768 1.462012 1.681627 1.060587 1.705033 1.385062 1.333371 0.785285 0.837612 1.675295 1.207930 2.046944 0.636828 1.535914 1.004696 0.570235 1.500173 1.581474 0.924640 0.878450 1.629491 1.496346 1.759435 1.378086 0.898588 0.666480 1.195758 0.717110 1.785757 1.771828 0.874983 1.528924 1.527934 1.486996 0.634954 1.187371 1.006723 1.316357 1.328592 1.079565 0.874939 0.946349 1.776110 1.621321 1.199871 1.449783 0.396205 1.756778 1.558264 0.505614 1.264814 1.623469 1.835055 1.676049 1.707020 0.671851 1.210909 1.406714 0.625468 1.169101 1.088316 2.060643 1.098201 2.144657 1.257031 0.961595 0.443952 1.605246 0.989424 1.034497 1.170209 0.874277 1.750136
24 1.219823 1.130482 2.000442 0.962357 1.911967 0.528358 2.014877 0.123550 2.061028 0.894440 0.700695 1.815046 0.300011 2.105721 0.616139 0.444301 0.312857 1.481315 0.736613 1.223243 1.001535 0.690473 0.435338 0.000000 1.735346 1.439242 2.175272 1.864841 0.666475 1.044884 0.483047 1.552797 1.550345 2.201564 1.023354 1.828294 2.003113 1.451117 2.046125 1.728655 1.603597 1.059336 1.264606 1.947255 1.599790 2.386314 1.022416 1.911945 1.277484 0.991728 1.838424 1.888721 1.288003 1.205307 1.945156 1.886605 2.078649 1.739563 1.321019 1.052838 1.535295 1.095689 2.137055 2.106881 1.232674 1.898620 1.812129 1.802375 1.024753 1.537090 1.356755 1.571318 1.681363 1.459206 1.248061 1.215890 2.074420 1.944900 1.455870 1.763098 0.779941 2.063402 1.854141 0.907055 1.610132 1.942334 2.143693 2.013904 2.032507 1.023406 1.544345 1.755400 1.024138 1.568484 1.415188 2.388257 1.412048 2.565595 1.675038 1.396842 0.876028 1.990374 1.382659 1.458148 1.588457 1.274503 2.173989
25 0.579378 0.931030 0.267583 0.883986 0.221049 1.634960 0.571982 1.620403 0.325738 1.198888 1.204228 0.421028 1.690915 0.420601 1.191609 2.096681 1.800457 0.520395 1.411547 0.751711 0.896185 1.076106 2.038763 1.735346 0.000000 0.316616 0.441649 0.131635 1.075112 0.815925 1.260032 0.188538 0.501572 0.480944 2.354354 2.738806 2.678045 2.568789 2.791000 2.574855 2.236216 2.003446 2.610142 2.447472 2.682946 3.043433 2.269027 2.845493 2.084208 2.372357 2.629672 2.542848 2.359903 2.202245 2.614084 2.894588 2.722786 2.654075 2.625091 2.289568 2.432292 2.291756 2.904397 2.810124 2.308535 2.806341 2.407117 2.516378 2.282939 2.470036 2.357786 2.168916 2.578254 2.530430 2.367505 2.049725 2.634938 2.645433 2.115312 2.482923 2.131159 2.660564 2.476975 2.245634 2.501723 2.624816 2.726072 2.753539 2.715441 2.177197 2.416442 2.613392 2.310191 2.694458 2.316540 2.991390 2.272975 4.083911 3.236316 2.844639 2.428829 3.630263 3.016193 3.006172 3.152338 2.897348 3.688490
26 0.264136 0.794194 0.581810 0.671423 0.472737 1.318415 0.665745 1.321371 0.632635 0.888695 0.887637 0.617623 1.378943 0.669005 0.932268 1.786938 1.488427 0.313663 1.096882 0.462006 0.582731 0.766524 1.727045 1.439242 0.316616 0.000000 0.753429 0.436006 0.773601 0.501501 0.958601 0.129924 0.338190 0.762551 2.038845 2.448674 2.407838 2.262691 2.516228 2.286968 1.958517 1.696593 2.295485 2.189995 2.380123 2.782174 1.954839 2.555165 1.787609 2.056175 2.347507 2.271599 2.053396 1.896932 2.343048 2.599298 2.456697 2.362252 2.311675 1.975810 2.137718 1.979247 2.629507 2.539794 2.001075 2.517485 2.138254 2.238730 1.968567 2.173654 2.055072 1.892322 2.286454 2.226357 2.058846 1.750328 2.375784 2.371989 1.831214 2.203942 1.814643 2.398035 2.207192 1.929557 2.208899 2.352681 2.466663 2.478551 2.445232 1.864814 2.123357 2.325283 1.995351 2.389327 2.019277 2.735135 1.977521 3.767961 2.919730 2.528589 2.113021 3.314896 2.701344 2.689590 2.835793 2.582304 3.372334
27 1.010366 1.293121 0.174834 1.294225 0.324522 2.068940 0.621364 2.061154 0.124413 1.614543 1.638175 0.555788 2.131594 0.274964 1.618722 2.538085 2.241126 0.881843 1.835286 1.151754 1.320488 1.517341 2.479593 2.175272 0.441649 0.753429 0.000000 0.317552 1.516597 1.242822 1.701410 0.628896 0.838065 0.178053 2.778563 3.109478 3.017380 2.969057 3.136534 2.942771 2.590900 2.407537 3.030909 2.770070 3.076400 3.366246 2.688913 3.215942 2.469757 2.799688 2.988002 2.884918 2.761749 2.602439 2.955215 3.273400 3.055479 3.028055 3.042058 2.708166 2.812181 2.707017 3.249343 3.148615 2.712492 3.174511 2.746882 2.868468 2.703355 2.852802 2.752389 2.522642 2.952623 2.926857 2.773733 2.440199 2.958029 2.989998 2.480859 2.837349 2.561200 2.988439 2.817433 2.672538 2.878255 2.967537 3.048684 3.099678 3.054476 2.592450 2.793927 2.981428 2.732053 3.092367 2.701688 3.306994 2.655328 4.508723 3.668917 3.270780 2.865551 4.067820 3.454633 3.438915 3.585533 3.335505 4.114677
28 0.693358 1.051204 0.149568 1.013829 0.122423 1.751826 0.514418 1.749251 0.197152 1.303208 1.320982 0.455299 1.814675 0.301070 1.323231 2.221905 1.924187 0.590646 1.521086 0.845691 1.005597 1.201100 2.162742 1.864841 0.131635 0.436006 0.317552 0.000000 1.202981 0.927054 1.388089 0.313167 0.558190 0.350088 2.464598 2.822164 2.747909 2.665956 2.863571 2.656839 2.311991 2.102184 2.718374 2.510175 2.776820 3.107004 2.376630 2.928838 2.173784 2.484595 2.707513 2.613681 2.457741 2.299132 2.684616 2.981730 2.789975 2.738845 2.731134 2.396426 2.519563 2.396710 2.976837 2.879792 2.407424 2.888645 2.476801 2.591410 2.390861 2.558678 2.452000 2.244174 2.663133 2.625662 2.467610 2.141641 2.698121 2.717437 2.195695 2.558916 2.245178 2.725713 2.547047 2.357564 2.587516 2.696024 2.789187 2.826323 2.785226 2.282093 2.502591 2.695466 2.418986 2.790519 2.406164 3.052046 2.361240 4.194802 3.352289 2.956200 2.548072 3.750290 3.137084 3.122234 3.268746 3.017953 3.800191
29 0.557395 0.703158 1.342010 0.458562 1.246105 0.645250 1.361074 0.547791 1.399906 0.505159 0.312607 1.207720 0.632400 1.439252 0.324608 1.026808 0.740369 0.833478 0.554104 0.608358 0.407642 0.090074 0.974844 0.666475 1.075112 0.773601 1.516597 1.202981 0.000000 0.419233 0.185179 0.889947 0.902069 1.536152 1.387483 1.991828 2.055840 1.707945 2.136544 1.851208 1.601582 1.170067 1.651573 1.910177 1.845527 2.451602 1.329329 2.092467 1.333919 1.387922 1.939525 1.923046 1.505224 1.368360 1.990983 2.105759 2.120962 1.899758 1.684332 1.355628 1.670851 1.375147 2.243786 2.180033 1.447472 2.064710 1.810551 1.860725 1.339665 1.693056 1.537166 1.547309 1.828030 1.689138 1.491289 1.280149 2.075785 2.006618 1.451358 1.821395 1.140006 2.081779 1.870044 1.268291 1.748649 1.994776 2.160055 2.099767 2.091101 1.268048 1.666711 1.886150 1.357832 1.837167 1.542512 2.428013 1.515767 3.083690 2.210074 1.854061 1.389735 2.578801 1.962695 1.981485 2.124052 1.845976 2.686092
30 0.237407 0.885657 1.075979 0.652907 0.936649 0.829015 0.973462 0.921436 1.119213 0.391278 0.401439 1.080728 0.921553 1.109681 0.710979 1.333420 1.028804 0.439263 0.595653 0.189150 0.082375 0.362307 1.265774 1.044884 0.815925 0.501501 1.242822 0.927054 0.419233 0.000000 0.574922 0.631403 0.507900 1.223564 1.538557 1.972759 1.963492 1.766247 2.063598 1.815238 1.506356 1.200260 1.794305 1.769855 1.887208 2.349178 1.453433 2.078527 1.305444 1.557606 1.884324 1.826853 1.556796 1.401986 1.897944 2.115560 2.018677 1.884232 1.810175 1.474319 1.656668 1.477928 2.175908 2.094114 1.503538 2.043147 1.699089 1.783685 1.467229 1.689812 1.562983 1.442982 1.808809 1.732233 1.560078 1.264066 1.950246 1.922658 1.369503 1.747017 1.318378 1.966550 1.765620 1.430638 1.730103 1.905673 2.039648 2.025857 2.000547 1.363557 1.644606 1.852999 1.494291 1.893764 1.534825 2.310652 1.495973 3.268441 2.426419 2.029449 1.628294 2.830744 2.220763 2.196519 2.343318 2.100976 2.873431
31 0.737126 0.806671 1.526754 0.580776 1.430954 0.519272 1.536042 0.363119 1.584973 0.543735 0.323325 1.379547 0.462497 1.623398 0.325086 0.846053 0.567526 1.004470 0.510651 0.760502 0.544652 0.212927 0.797697 0.483047 1.260032 0.958601 1.701410 1.388089 0.185179 0.574922 0.000000 1.075092 1.073458 1.721129 1.246042 1.904692 1.998206 1.594769 2.069712 1.772812 1.552665 1.080411 1.509314 1.875613 1.736696 2.394115 1.198486 2.002115 1.263323 1.240225 1.867777 1.868868 1.398045 1.271301 1.934493 2.006019 2.066803 1.812407 1.547341 1.226223 1.586546 1.251199 2.173670 2.118184 1.339735 1.977695 1.764762 1.799289 1.207361 1.603959 1.439410 1.503564 1.743186 1.581989 1.377790 1.206012 2.032352 1.946040 1.400209 1.759449 0.993882 2.033731 1.820227 1.125081 1.664774 1.936550 2.113340 2.033770 2.032262 1.149291 1.585700 1.806095 1.222000 1.722877 1.458073 2.377217 1.436861 2.921796 2.042838 1.699717 1.221500 2.402939 1.787042 1.815513 1.956430 1.671328 2.524557
32 0.394057 0.822899 0.455650 0.736507 0.367178 1.446951 0.625550 1.436623 0.510276 1.017995 1.016383 0.511291 1.502831 0.569563 1.024241 1.909243 1.612370 0.393023 1.226805 0.583580 0.712543 0.888460 1.850773 1.552797 0.188538 0.129924 0.628896 0.313167 0.889947 0.631403 1.075092 0.000000 0.396860 0.651410 2.168672 2.572814 2.525363 2.391308 2.635364 2.410353 2.078380 1.825316 2.425401 2.302893 2.507938 2.896750 2.084762 2.679392 1.913537 2.185768 2.469054 2.389416 2.182086 2.025313 2.460828 2.725039 2.572814 2.486895 2.441570 2.105720 2.263142 2.109054 2.748726 2.657421 2.129978 2.641243 2.255165 2.358722 2.098490 2.299629 2.182810 2.011764 2.411069 2.354474 2.188013 1.877071 2.489407 2.490611 1.953167 2.324368 1.943928 2.512869 2.324465 2.059209 2.333808 2.470845 2.580430 2.597745 2.562775 1.994603 2.248323 2.448750 2.125260 2.517726 2.145473 2.847920 2.103165 3.897641 3.048360 2.658240 2.240344 3.441728 2.827667 2.818209 2.964283 2.708812 3.501920
33 0.359683 1.108843 0.698830 0.947987 0.513571 1.311239 0.465564 1.427193 0.716385 0.815794 0.898439 0.900140 1.425260 0.644177 1.140948 1.836153 1.531017 0.069045 1.048160 0.352164 0.564923 0.861396 1.765834 1.550345 0.501572 0.338190 0.838065 0.558190 0.902069 0.507900 1.073458 0.396860 0.000000 0.771877 1.977947 2.271753 2.189952 2.137643 2.306216 2.105331 1.756316 1.580949 2.221814 1.952411 2.241385 2.549151 1.880473 2.378277 1.633067 2.006394 2.152717 2.055936 1.931934 1.772004 2.126791 2.435358 2.231786 2.190051 2.226826 1.897381 1.974287 1.891155 2.419412 2.321787 1.884435 2.337140 1.918862 2.035134 1.895758 2.015214 1.918397 1.688284 2.114591 2.093395 1.947363 1.605133 2.140291 2.159959 1.643493 2.003149 1.778398 2.167605 1.989163 1.879335 2.040193 2.138344 2.231383 2.269047 2.227250 1.777328 1.955895 2.143989 1.926952 2.259357 1.864634 2.494928 1.817803 3.701852 2.885583 2.471210 2.107387 3.304950 2.701647 2.657437 2.804835 2.581526 3.311715
34 1.001722 1.392002 0.261911 1.363827 0.290741 2.052264 0.474010 2.083920 0.186027 1.577089 1.624516 0.701489 2.133669 0.134582 1.671503 2.544080 2.242716 0.825483 1.804692 1.108949 1.296667 1.526420 2.481302 2.201564 0.480944 0.762551 0.178053 0.350088 1.536152 1.223564 1.721129 0.651410 0.771877 0.000000 2.743454 3.027181 2.917920 2.908592 3.039817 2.859378 2.501387 2.352825 2.990642 2.663635 3.010047 3.257765 2.648776 3.133151 2.400141 2.768820 2.898785 2.787357 2.703416 2.543406 2.856896 3.195847 2.952620 2.948145 2.997365 2.666464 2.737007 2.661652 3.151947 3.048267 2.656202 3.090444 2.648749 2.776252 2.663789 2.779431 2.688159 2.432962 2.873242 2.863384 2.719230 2.374327 2.851042 2.893305 2.398186 2.746544 2.535328 2.883542 2.719337 2.641502 2.800574 2.869980 2.941142 3.003404 2.954730 2.547556 2.717223 2.897962 2.694126 3.029518 2.630636 3.195487 2.582535 4.470731 3.644554 3.236853 2.851746 4.053966 3.444312 3.415255 3.562451 3.324538 4.079173
35 1.775062 2.048531 2.613886 1.826690 2.464677 0.743998 2.403771 1.039203 2.654368 1.166540 1.159722 2.575425 0.808962 2.620100 1.535217 0.651823 0.731522 1.919726 0.943512 1.634507 1.459107 1.341075 0.611768 1.023354 2.354354 2.038845 2.778563 2.464598 1.387483 1.538557 1.246042 2.168672 1.977947 2.743454 0.000000 0.873895 1.139940 0.457208 1.138733 0.826855 0.892690 0.479875 0.264092 1.202078 0.601236 1.475626 0.121054 0.937455 0.618932 0.071104 0.943975 1.063429 0.372403 0.416352 1.097560 0.888464 1.217852 0.797475 0.304009 0.126899 0.655606 0.178323 1.206642 1.210755 0.343787 0.936164 1.046782 0.962750 0.104216 0.631910 0.468657 0.903118 0.760726 0.487652 0.310296 0.584100 1.260964 1.079276 0.802786 0.930832 0.254591 1.231446 1.057796 0.121661 0.710743 1.087538 1.304220 1.114315 1.159371 0.243095 0.679247 0.840843 0.065258 0.558626 0.581870 1.501517 0.614222 1.730228 0.916933 0.493434 0.353140 1.361518 0.813645 0.695870 0.841257 0.704249 1.336388
36 2.197632 2.694486 2.967641 2.449993 2.785172 1.396503 2.601954 1.810209 2.988137 1.588168 1.694824 3.051943 1.558670 2.893507 2.226404 1.514696 1.516107 2.232228 1.443991 1.989508 1.891753 1.919203 1.462012 1.828294 2.738806 2.448674 3.109478 2.822164 1.991828 1.972759 1.904692 2.572814 2.271753 3.027181 0.873895 0.000000 0.353061 0.422410 0.289143 0.168594 0.538157 0.824587 0.767100 0.580646 0.302225 0.607062 0.825506 0.106699 0.669221 0.935735 0.182708 0.373977 0.541223 0.636964 0.351595 0.191039 0.415761 0.092297 0.690432 0.796255 0.321374 0.744912 0.335134 0.365551 0.595688 0.073019 0.474902 0.309705 0.828500 0.300837 0.474069 0.605020 0.164882 0.386464 0.587211 0.716540 0.516011 0.308294 0.629102 0.319454 1.066853 0.467386 0.424323 0.960808 0.244488 0.332783 0.513938 0.278193 0.352185 0.805037 0.329101 0.130594 0.843213 0.366759 0.449364 0.645284 0.479972 1.728110 1.286524 0.927948 1.203472 1.725709 1.416508 1.176289 1.260579 1.354580 1.426808
37 2.172215 2.754712 2.888142 2.505513 2.696719 1.521233 2.470524 1.965260 2.899942 1.600825 1.745882 3.023148 1.714570 2.783338 2.323243 1.745012 1.692140 2.159693 1.502463 1.946400 1.886569 1.975026 1.681627 2.003113 2.678045 2.407838 3.017380 2.747909 2.055840 1.963492 1.998206 2.525363 2.189952 2.917920 1.139940 0.353061 0.000000 0.725781 0.132879 0.315769 0.458945 0.947035 1.084495 0.285531 0.636829 0.396152 1.065122 0.393447 0.739421 1.207995 0.201945 0.136695 0.771884 0.805402 0.065639 0.514397 0.078253 0.379236 1.011145 1.039323 0.489220 0.982961 0.236974 0.132098 0.813518 0.349085 0.271114 0.201592 1.072583 0.508075 0.680607 0.520614 0.387548 0.671274 0.831175 0.799565 0.164892 0.060845 0.605268 0.241442 1.288808 0.114514 0.201071 1.204536 0.429199 0.061787 0.168541 0.105814 0.037415 1.010021 0.471306 0.310596 1.096210 0.703646 0.594033 0.385435 0.591386 2.048317 1.639255 1.270283 1.487636 2.078362 1.757750 1.523189 1.611853 1.689186 1.766273
38 2.001382 2.399751 2.814854 2.163748 2.646234 1.075552 2.519161 1.448522 2.845136 1.375224 1.434825 2.841205 1.202492 2.778407 1.906025 1.106639 1.144432 2.088470 1.189394 1.820275 1.683888 1.645741 1.060587 1.451117 2.568789 2.262691 2.969057 2.665956 1.707945 1.766247 1.594769 2.391308 2.137643 2.908592 0.457208 0.422410 0.725781 0.000000 0.700694 0.412924 0.629926 0.566174 0.359127 0.857576 0.148682 1.029112 0.429047 0.480347 0.525302 0.515780 0.523845 0.680071 0.209451 0.366824 0.696055 0.436601 0.800664 0.355674 0.287827 0.398633 0.303472 0.356462 0.757500 0.775663 0.263961 0.480988 0.708686 0.580861 0.428011 0.256341 0.227771 0.671970 0.339043 0.068373 0.217091 0.538794 0.868328 0.667674 0.618596 0.559282 0.673199 0.829892 0.695584 0.554973 0.318992 0.682198 0.894269 0.681088 0.738363 0.446614 0.335745 0.415294 0.435139 0.129443 0.326323 1.063088 0.381223 1.623051 0.992182 0.572599 0.781070 1.454513 1.048210 0.833449 0.945515 0.970476 1.263826
39 2.276685 2.838110 3.004933 2.589809 2.814917 1.580387 2.595306 2.015630 3.018308 1.694037 1.829231 3.129776 1.763674 2.905260 2.394613 1.763853 1.733546 2.274137 1.582456 2.054272 1.985437 2.057861 1.705033 2.046125 2.791000 2.516228 3.136534 2.863571 2.136544 2.063598 2.069712 2.635364 2.306216 3.039817 1.138733 0.289143 0.132879 0.700694 0.000000 0.320113 0.558329 1.001442 1.052886 0.418366 0.590464 0.342057 1.075878 0.296497 0.806409 1.204020 0.207714 0.252674 0.782331 0.840935 0.185000 0.416868 0.152237 0.345169 0.976916 1.048264 0.512001 0.993551 0.113404 0.076410 0.830136 0.260338 0.391452 0.280097 1.081379 0.517734 0.698425 0.623936 0.379093 0.655023 0.837023 0.864013 0.279486 0.146570 0.695636 0.317747 1.309184 0.226577 0.321036 1.214560 0.440342 0.170310 0.244278 0.037758 0.104152 1.034938 0.501782 0.299444 1.101055 0.655628 0.631248 0.363286 0.639866 1.932610 1.563794 1.216444 1.478314 1.993269 1.704941 1.462702 1.542229 1.643722 1.662040
40 2.037853 2.554360 2.801911 2.308125 2.618584 1.273389 2.433394 1.701459 2.821676 1.433639 1.549644 2.892696 1.449279 2.725620 2.096557 1.444509 1.415853 2.066571 1.299604 1.826803 1.734766 1.776091 1.385062 1.728655 2.574855 2.286968 2.942771 2.656839 1.851208 1.815238 1.772812 2.410353 2.105331 2.859378 0.826855 0.168594 0.315769 0.412924 0.320113 0.000000 0.370805 0.694781 0.772015 0.467697 0.344232 0.662168 0.758020 0.273811 0.518993 0.894090 0.117193 0.272923 0.463889 0.523680 0.283140 0.352161 0.392675 0.108521 0.700255 0.731014 0.193397 0.675596 0.408906 0.387494 0.510381 0.231842 0.337420 0.181018 0.764246 0.198313 0.378361 0.437086 0.074603 0.356059 0.520553 0.571088 0.455676 0.256223 0.461914 0.174258 0.989378 0.417082 0.302716 0.897175 0.120254 0.269407 0.483379 0.291250 0.332819 0.714847 0.187952 0.038659 0.785697 0.409730 0.317809 0.677938 0.336175 1.866990 1.363410 0.971559 1.172676 1.815053 1.455377 1.229160 1.328014 1.381760 1.549513
